   5.7000000e+01
   1.9700000e+02
   3.3200000e+02
   4.6900000e+02
   6.0100000e+02
   7.2800000e+02
   8.5200000e+02
   9.7600000e+02
   1.0970000e+03
   1.2200000e+03
   1.3420000e+03
   1.4640000e+03
   1.5920000e+03
   1.7300000e+03
   1.8750000e+03
   2.0170000e+03
   2.1560000e+03
   2.2980000e+03
   2.4410000e+03
   2.5840000e+03
   2.7190000e+03
   2.8540000e+03
   2.9890000e+03
   3.1260000e+03
   3.2560000e+03
   3.3900000e+03
   3.5270000e+03
   3.6620000e+03
   3.7950000e+03
   3.9260000e+03
   4.0560000e+03
   4.1900000e+03
   4.3210000e+03
   4.4460000e+03
   4.5730000e+03
   4.7020000e+03
   4.8420000e+03
   4.9870000e+03
   5.1200000e+03
   5.2510000e+03
   5.3820000e+03
   5.5170000e+03
   5.6500000e+03
   5.7820000e+03
   5.9160000e+03
   6.0530000e+03
   6.1870000e+03
   6.3170000e+03
   6.4460000e+03
   6.5750000e+03
   6.7070000e+03
   6.8320000e+03
   6.9590000e+03
   7.0880000e+03
   7.2250000e+03
   7.3550000e+03
   7.4890000e+03
   7.6210000e+03
   7.7560000e+03
   7.8890000e+03
   8.0150000e+03
   8.1410000e+03
   8.2710000e+03
   8.4010000e+03
   8.5260000e+03
   8.6500000e+03
   8.7730000e+03
   8.9000000e+03
   9.0350000e+03
   9.1600000e+03
   9.2890000e+03
   9.4210000e+03
   9.5550000e+03
   9.6820000e+03
   9.8070000e+03
   9.9310000e+03
   1.0055000e+04
   1.0178000e+04
   1.0298000e+04
   1.0422000e+04
   1.0552000e+04
   1.0691000e+04
   1.0824000e+04
   1.0965000e+04
   1.1113000e+04
   1.1261000e+04
   1.1397000e+04
   1.1535000e+04
   1.1676000e+04
   1.1816000e+04
   1.1949000e+04
   1.2078000e+04
   1.2207000e+04
   1.2336000e+04
   1.2465000e+04
   1.2588000e+04
   1.2712000e+04
   1.2837000e+04
   1.2974000e+04
   1.3122000e+04
   1.3261000e+04
   1.3395000e+04
   1.3530000e+04
   1.3673000e+04
   1.3818000e+04
   1.3950000e+04
   1.4085000e+04
   1.4219000e+04
   1.4358000e+04
   1.4494000e+04
   1.4625000e+04
   1.4759000e+04
   1.4893000e+04
   1.5023000e+04
   1.5158000e+04
   1.5295000e+04
   1.5436000e+04
   1.5581000e+04
   1.5730000e+04
   1.5878000e+04
   1.6012000e+04
   1.6148000e+04
   1.6285000e+04
   1.6423000e+04
   1.6553000e+04
   1.6683000e+04
   1.6813000e+04
   1.6943000e+04
   1.7073000e+04
   1.7199000e+04
   1.7327000e+04
   1.7457000e+04
   1.7596000e+04
   1.7739000e+04
   1.7871000e+04
   1.8002000e+04
   1.8134000e+04
   1.8271000e+04
   1.8412000e+04
   1.8540000e+04
   1.8669000e+04
   1.8797000e+04
   1.8927000e+04
   1.9053000e+04
   1.9180000e+04
   1.9307000e+04
   1.9438000e+04
   1.9575000e+04
   1.9705000e+04
   1.9835000e+04
   1.9966000e+04
   2.0100000e+04
   2.0228000e+04
   2.0358000e+04
   2.0487000e+04
   2.0618000e+04
   2.0750000e+04
   2.0882000e+04
   2.1012000e+04
   2.1134000e+04
   2.1256000e+04
   2.1377000e+04
   2.1500000e+04
   2.1632000e+04
   2.1767000e+04
   2.1917000e+04
   2.2080000e+04
   2.2241000e+04
   2.2396000e+04
   2.2544000e+04
   2.2688000e+04
   2.2822000e+04
   2.2954000e+04
   2.3087000e+04
   2.3225000e+04
   2.3359000e+04
   2.3486000e+04
   2.3615000e+04
   2.3747000e+04
   2.3883000e+04
   2.4017000e+04
   2.4153000e+04
   2.4293000e+04
   2.4421000e+04
   2.4548000e+04
   2.4675000e+04
   2.4804000e+04
   2.4940000e+04
   2.5075000e+04
   2.5206000e+04
   2.5338000e+04
   2.5473000e+04
   2.5609000e+04
   2.5740000e+04
   2.5877000e+04
   2.6021000e+04
   2.6168000e+04
   2.6305000e+04
   2.6443000e+04
   2.6583000e+04
   2.6728000e+04
   2.6871000e+04
   2.7003000e+04
   2.7140000e+04
   2.7274000e+04
   2.7414000e+04
   2.7558000e+04
   2.7706000e+04
   2.7861000e+04
   2.8018000e+04
   2.8176000e+04
   2.8318000e+04
   2.8456000e+04
   2.8594000e+04
   2.8736000e+04
   2.8869000e+04
   2.8999000e+04
   2.9129000e+04
   2.9260000e+04
   2.9394000e+04
   2.9526000e+04
   2.9667000e+04
   2.9821000e+04
   2.9987000e+04
   3.0136000e+04
   3.0280000e+04
   3.0421000e+04
   3.0560000e+04
   3.0689000e+04
   3.0819000e+04
   3.0946000e+04
   3.1058000e+04
   3.1198000e+04
   3.1332000e+04
   3.1457000e+04
   3.1580000e+04
   3.1704000e+04
   3.1826000e+04
   3.1949000e+04
   3.2078000e+04
   3.2213000e+04
   3.2352000e+04
   3.2485000e+04
   3.2620000e+04
   3.2755000e+04
   3.2886000e+04
   3.3011000e+04
   3.3136000e+04
   3.3264000e+04
   3.3400000e+04
   3.3542000e+04
   3.3675000e+04
   3.3811000e+04
   3.3946000e+04
   3.4084000e+04
   3.4219000e+04
   3.4351000e+04
   3.4483000e+04
   3.4615000e+04
   3.4747000e+04
   3.4876000e+04
   3.5002000e+04
   3.5132000e+04
   3.5267000e+04
   3.5413000e+04
   3.5555000e+04
   3.5704000e+04
   3.5865000e+04
   3.6018000e+04
   3.6163000e+04
   3.6305000e+04
   3.6446000e+04
   3.6580000e+04
   3.6714000e+04
   3.6853000e+04
   3.7003000e+04
   3.7155000e+04
   3.7294000e+04
   3.7442000e+04
   3.7592000e+04
   3.7738000e+04
   3.7878000e+04
   3.8020000e+04
   3.8163000e+04
   3.8297000e+04
   3.8429000e+04
   3.8568000e+04
   3.8718000e+04
   3.8870000e+04
   3.9011000e+04
   3.9154000e+04
   3.9299000e+04
   3.9445000e+04
   3.9580000e+04
   3.9718000e+04
   3.9852000e+04
   3.9990000e+04
   4.0126000e+04
   4.0259000e+04
   4.0398000e+04
   4.0545000e+04
   4.0685000e+04
   4.0816000e+04
   4.0947000e+04
   4.1078000e+04
   4.1210000e+04
   4.1337000e+04
   4.1464000e+04
   4.1594000e+04
   4.1731000e+04
   4.1876000e+04
   4.2011000e+04
   4.2147000e+04
   4.2284000e+04
   4.2422000e+04
   4.2551000e+04
   4.2679000e+04
   4.2809000e+04
   4.2944000e+04
   4.3086000e+04
   4.3216000e+04
   4.3349000e+04
   4.3485000e+04
   4.3625000e+04
   4.3755000e+04
   4.3887000e+04
   4.4018000e+04
   4.4151000e+04
   4.4278000e+04
   4.4407000e+04
   4.4541000e+04
   4.4686000e+04
   4.4830000e+04
   4.4966000e+04
   4.5107000e+04
   4.5254000e+04
   4.5392000e+04
   4.5523000e+04
   4.5654000e+04
   4.5788000e+04
   4.5922000e+04
   4.6050000e+04
   4.6182000e+04
   4.6318000e+04
   4.6458000e+04
   4.6591000e+04
   4.6727000e+04
   4.6862000e+04
   4.6999000e+04
   4.7132000e+04
   4.7260000e+04
   4.7390000e+04
   4.7521000e+04
   4.7654000e+04
   4.7781000e+04
   4.7909000e+04
   4.8037000e+04
   4.8167000e+04
   4.8298000e+04
   4.8424000e+04
   4.8554000e+04
   4.8687000e+04
   4.8824000e+04
   4.8956000e+04
   4.9086000e+04
   4.9217000e+04
   4.9352000e+04
   4.9488000e+04
   4.9619000e+04
   4.9751000e+04
   4.9884000e+04
   5.0020000e+04
   5.0155000e+04
   5.0285000e+04
   5.0419000e+04
   5.0555000e+04
   5.0694000e+04
   5.0829000e+04
   5.0958000e+04
   5.1089000e+04
   5.1222000e+04
   5.1358000e+04
   5.1490000e+04
   5.1624000e+04
   5.1758000e+04
   5.1894000e+04
   5.2028000e+04
   5.2158000e+04
   5.2290000e+04
   5.2431000e+04
   5.2574000e+04
   5.2708000e+04
   5.2845000e+04
   5.2986000e+04
   5.3130000e+04
   5.3264000e+04
   5.3395000e+04
   5.3527000e+04
   5.3663000e+04
   5.3799000e+04
   5.3927000e+04
   5.4060000e+04
   5.4198000e+04
   5.4347000e+04
   5.4485000e+04
   5.4631000e+04
   5.4778000e+04
   5.4923000e+04
   5.5056000e+04
   5.5186000e+04
   5.5315000e+04
   5.5446000e+04
   5.5581000e+04
   5.5710000e+04
   5.5843000e+04
   5.5977000e+04
   5.6114000e+04
   5.6249000e+04
   5.6380000e+04
   5.6514000e+04
   5.6654000e+04
   5.6802000e+04
   5.6937000e+04
   5.7068000e+04
   5.7199000e+04
   5.7329000e+04
   5.7461000e+04
   5.7588000e+04
   5.7714000e+04
   5.7842000e+04
   5.7973000e+04
   5.8110000e+04
   5.8244000e+04
   5.8382000e+04
   5.8522000e+04
   5.8668000e+04
   5.8807000e+04
   5.8937000e+04
   5.9065000e+04
   5.9194000e+04
   5.9326000e+04
   5.9457000e+04
   5.9584000e+04
   5.9713000e+04
   5.9845000e+04
   5.9981000e+04
   6.0113000e+04
   6.0239000e+04
   6.0366000e+04
   6.0495000e+04
   6.0631000e+04
   6.0763000e+04
   6.0893000e+04
   6.1025000e+04
   6.1164000e+04
   6.1302000e+04
   6.1433000e+04
   6.1561000e+04
   6.1689000e+04
   6.1820000e+04
   6.1959000e+04
   6.2093000e+04
   6.2229000e+04
   6.2370000e+04
   6.2510000e+04
   6.2642000e+04
   6.2771000e+04
   6.2902000e+04
   6.3037000e+04
   6.3170000e+04
   6.3298000e+04
   6.3428000e+04
   6.3557000e+04
   6.3692000e+04
   6.3824000e+04
   6.3954000e+04
   6.4086000e+04
   6.4222000e+04
   6.4364000e+04
   6.4496000e+04
   6.4631000e+04
   6.4763000e+04
   6.4895000e+04
   6.5024000e+04
   6.5153000e+04
   6.5284000e+04
   6.5419000e+04
   6.5550000e+04
   6.5689000e+04
   6.5836000e+04
   6.5974000e+04
   6.6108000e+04
   6.6245000e+04
   6.6384000e+04
   6.6514000e+04
   6.6642000e+04
   6.6771000e+04
   6.6904000e+04
   6.7040000e+04
   6.7171000e+04
   6.7303000e+04
   6.7440000e+04
   6.7587000e+04
   6.7727000e+04
   6.7862000e+04
   6.7999000e+04
   6.8139000e+04
   6.8274000e+04
   6.8404000e+04
   6.8534000e+04
   6.8668000e+04
   6.8803000e+04
   6.8935000e+04
   6.9069000e+04
   6.9206000e+04
   6.9342000e+04
   6.9477000e+04
   6.9614000e+04
   6.9744000e+04
   6.9872000e+04
   7.0001000e+04
   7.0130000e+04
   7.0258000e+04
   7.0383000e+04
   7.0511000e+04
   7.0643000e+04
   7.0780000e+04
   7.0909000e+04
   7.1038000e+04
   7.1168000e+04
   7.1297000e+04
   7.1422000e+04
   7.1544000e+04
   7.1669000e+04
   7.1796000e+04
   7.1925000e+04
   7.2051000e+04
   7.2183000e+04
   7.2320000e+04
   7.2459000e+04
   7.2590000e+04
   7.2716000e+04
   7.2842000e+04
   7.2969000e+04
   7.3096000e+04
   7.3222000e+04
   7.3353000e+04
   7.3493000e+04
   7.3631000e+04
   7.3769000e+04
   7.3911000e+04
   7.4060000e+04
   7.4205000e+04
   7.4340000e+04
   7.4475000e+04
   7.4610000e+04
   7.4749000e+04
   7.4878000e+04
   7.5005000e+04
   7.5133000e+04
   7.5264000e+04
   7.5395000e+04
   7.5529000e+04
   7.5673000e+04
   7.5827000e+04
   7.5975000e+04
   7.6121000e+04
   7.6274000e+04
   7.6434000e+04
   7.6587000e+04
   7.6728000e+04
   7.6870000e+04
   7.7015000e+04
   7.7163000e+04
   7.7302000e+04
   7.7443000e+04
   7.7591000e+04
   7.7743000e+04
   7.7887000e+04
   7.8028000e+04
   7.8171000e+04
   7.8314000e+04
   7.8451000e+04
   7.8581000e+04
   7.8711000e+04
   7.8845000e+04
   7.8990000e+04
   7.9129000e+04
   7.9268000e+04
   7.9414000e+04
   7.9566000e+04
   7.9717000e+04
   7.9853000e+04
   7.9987000e+04
   8.0121000e+04
   8.0257000e+04
   8.0387000e+04
   8.0520000e+04
   8.0660000e+04
   8.0815000e+04
   8.0971000e+04
   8.1119000e+04
   8.1272000e+04
   8.1427000e+04
   8.1573000e+04
   8.1709000e+04
   8.1846000e+04
   8.1983000e+04
   8.2120000e+04
   8.2250000e+04
   8.2382000e+04
   8.2512000e+04
   8.2647000e+04
   8.2779000e+04
   8.2907000e+04
   8.3039000e+04
   8.3179000e+04
   8.3316000e+04
   8.3449000e+04
   8.3585000e+04
   8.3725000e+04
   8.3864000e+04
   8.3995000e+04
   8.4127000e+04
   8.4261000e+04
   8.4396000e+04
   8.4524000e+04
   8.4653000e+04
   8.4781000e+04
   8.4910000e+04
   8.5036000e+04
   8.5159000e+04
   8.5285000e+04
   8.5416000e+04
   8.5553000e+04
   8.5684000e+04
   8.5816000e+04
   8.5951000e+04
   8.6090000e+04
   8.6228000e+04
   8.6357000e+04
   8.6487000e+04
   8.6619000e+04
   8.6755000e+04
   8.6883000e+04
   8.7014000e+04
   8.7146000e+04
   8.7283000e+04
   8.7416000e+04
   8.7546000e+04
   8.7678000e+04
   8.7818000e+04
   8.7953000e+04
   8.8087000e+04
   8.8222000e+04
   8.8364000e+04
   8.8503000e+04
   8.8635000e+04
   8.8766000e+04
   8.8897000e+04
   8.9028000e+04
   8.9154000e+04
   8.9280000e+04
   8.9408000e+04
   8.9547000e+04
   8.9689000e+04
   8.9825000e+04
   8.9971000e+04
   9.0122000e+04
   9.0262000e+04
   9.0399000e+04
   9.0537000e+04
   9.0680000e+04
   9.0819000e+04
   9.0949000e+04
   9.1079000e+04
   9.1208000e+04
   9.1341000e+04
   9.1471000e+04
   9.1601000e+04
   9.1737000e+04
   9.1880000e+04
   9.2025000e+04
   9.2160000e+04
   9.2297000e+04
   9.2434000e+04
   9.2571000e+04
   9.2702000e+04
   9.2830000e+04
   9.2958000e+04
   9.3091000e+04
   9.3231000e+04
   9.3366000e+04
   9.3503000e+04
   9.3641000e+04
   9.3782000e+04
   9.3913000e+04
   9.4046000e+04
   9.4178000e+04
   9.4311000e+04
   9.4441000e+04
   9.4568000e+04
   9.4697000e+04
   9.4832000e+04
   9.4975000e+04
   9.5112000e+04
   9.5252000e+04
   9.5396000e+04
   9.5544000e+04
   9.5678000e+04
   9.5808000e+04
   9.5937000e+04
   9.6068000e+04
   9.6197000e+04
   9.6323000e+04
   9.6449000e+04
   9.6579000e+04
   9.6718000e+04
   9.6853000e+04
   9.6985000e+04
   9.7121000e+04
   9.7261000e+04
   9.7397000e+04
   9.7527000e+04
   9.7658000e+04
   9.7790000e+04
   9.7922000e+04
   9.8048000e+04
   9.8175000e+04
   9.8305000e+04
   9.8445000e+04
   9.8590000e+04
   9.8726000e+04
   9.8868000e+04
   9.9015000e+04
   9.9157000e+04
   9.9290000e+04
   9.9422000e+04
   9.9556000e+04
   9.9690000e+04
   9.9818000e+04
   9.9949000e+04
   1.0008300e+05
   1.0022600e+05
   1.0036400e+05
   1.0050400e+05
   1.0064900e+05
   1.0079800e+05
   1.0093300e+05
   1.0106700e+05
   1.0120300e+05
   1.0134100e+05
   1.0147500e+05
   1.0160500e+05
   1.0173500e+05
   1.0186800e+05
   1.0200200e+05
   1.0213100e+05
   1.0226400e+05
   1.0240100e+05
   1.0254900e+05
   1.0269000e+05
   1.0283100e+05
   1.0297400e+05
   1.0311900e+05
   1.0325600e+05
   1.0338700e+05
   1.0351700e+05
   1.0364800e+05
   1.0377800e+05
   1.0390700e+05
   1.0403800e+05
   1.0417700e+05
   1.0432400e+05
   1.0446700e+05
   1.0461200e+05
   1.0475800e+05
   1.0490300e+05
   1.0503800e+05
   1.0517500e+05
   1.0531400e+05
   1.0545300e+05
   1.0558300e+05
   1.0571100e+05
   1.0583900e+05
   1.0597100e+05
   1.0610600e+05
   1.0623800e+05
   1.0637300e+05
   1.0651400e+05
   1.0666400e+05
   1.0680000e+05
   1.0693800e+05
   1.0707500e+05
   1.0721700e+05
   1.0735300e+05
   1.0748400e+05
   1.0761400e+05
   1.0774400e+05
   1.0787900e+05
   1.0800800e+05
   1.0814200e+05
   1.0828100e+05
   1.0843100e+05
   1.0857300e+05
   1.0871400e+05
   1.0885600e+05
   1.0900000e+05
   1.0914000e+05
   1.0927400e+05
   1.0941000e+05
   1.0955000e+05
   1.0968400e+05
   1.0981200e+05
   1.0994100e+05
   1.1007100e+05
   1.1020600e+05
   1.1034000e+05
   1.1047000e+05
   1.1060200e+05
   1.1073700e+05
   1.1087500e+05
   1.1100700e+05
   1.1113700e+05
   1.1126800e+05
   1.1140100e+05
   1.1153300e+05
   1.1166000e+05
   1.1179000e+05
   1.1192300e+05
   1.1206100e+05
   1.1219800e+05
   1.1233200e+05
   1.1247300e+05
   1.1262700e+05
   1.1278100e+05
   1.1292000e+05
   1.1305900e+05
   1.1319400e+05
   1.1332600e+05
   1.1345400e+05
   1.1358300e+05
   1.1371500e+05
   1.1385600e+05
   1.1399200e+05
   1.1412900e+05
   1.1427100e+05
   1.1442400e+05
   1.1457200e+05
   1.1471700e+05
   1.1486400e+05
   1.1501000e+05
   1.1514800e+05
   1.1527800e+05
   1.1540800e+05
   1.1553800e+05
   1.1567400e+05
   1.1580400e+05
   1.1593700e+05
   1.1607500e+05
   1.1622500e+05
   1.1636900e+05
   1.1651000e+05
   1.1665200e+05
   1.1679300e+05
   1.1692700e+05
   1.1705700e+05
   1.1718800e+05
   1.1732300e+05
   1.1746000e+05
   1.1759200e+05
   1.1772700e+05
   1.1786400e+05
   1.1800600e+05
   1.1813900e+05
   1.1827900e+05
   1.1842200e+05
   1.1857100e+05
   1.1870900e+05
   1.1884700e+05
   1.1898300e+05
   1.1912200e+05
   1.1926200e+05
   1.1939500e+05
   1.1953200e+05
   1.1967600e+05
   1.1981900e+05
   1.1995300e+05
   1.2008600e+05
   1.2021800e+05
   1.2035000e+05
   1.2048000e+05
   1.2060500e+05
   1.2073200e+05
   1.2086200e+05
   1.2100200e+05
   1.2114600e+05
   1.2127800e+05
   1.2141300e+05
   1.2154900e+05
   1.2168900e+05
   1.2182000e+05
   1.2195400e+05
   1.2209000e+05
   1.2223600e+05
   1.2237100e+05
   1.2250200e+05
   1.2263300e+05
   1.2276200e+05
   1.2289300e+05
   1.2302000e+05
   1.2314900e+05
   1.2328200e+05
   1.2342200e+05
   1.2356400e+05
   1.2369700e+05
   1.2383400e+05
   1.2397100e+05
   1.2410800e+05
   1.2423800e+05
   1.2436500e+05
   1.2449200e+05
   1.2462100e+05
   1.2475300e+05
   1.2487900e+05
   1.2500800e+05
   1.2513700e+05
   1.2527000e+05
   1.2540100e+05
   1.2552800e+05
   1.2565600e+05
   1.2578900e+05
   1.2592700e+05
   1.2605900e+05
   1.2619600e+05
   1.2633700e+05
   1.2648600e+05
   1.2662100e+05
   1.2675800e+05
   1.2689900e+05
   1.2703800e+05
   1.2717200e+05
   1.2729800e+05
   1.2742500e+05
   1.2755300e+05
   1.2768700e+05
   1.2781900e+05
   1.2794600e+05
   1.2807700e+05
   1.2821300e+05
   1.2835800e+05
   1.2849300e+05
   1.2862800e+05
   1.2876600e+05
   1.2890900e+05
   1.2905100e+05
   1.2918500e+05
   1.2931900e+05
   1.2945400e+05
   1.2958900e+05
   1.2972000e+05
   1.2984600e+05
   1.2997600e+05
   1.3010900e+05
   1.3025300e+05
   1.3038900e+05
   1.3052200e+05
   1.3065500e+05
   1.3078700e+05
   1.3091600e+05
   1.3104100e+05
   1.3117100e+05
   1.3130600e+05
   1.3145100e+05
   1.3158800e+05
   1.3173000e+05
   1.3187800e+05
   1.3203200e+05
   1.3217800e+05
   1.3231700e+05
   1.3245800e+05
   1.3260100e+05
   1.3274600e+05
   1.3288000e+05
   1.3301400e+05
   1.3314900e+05
   1.3328800e+05
   1.3343600e+05
   1.3357500e+05
   1.3371300e+05
   1.3385300e+05
   1.3399300e+05
   1.3412500e+05
   1.3425400e+05
   1.3438000e+05
   1.3450900e+05
   1.3463400e+05
   1.3475900e+05
   1.3488700e+05
   1.3502400e+05
   1.3516200e+05
   1.3530400e+05
   1.3545600e+05
   1.3561100e+05
   1.3575000e+05
   1.3588700e+05
   1.3602100e+05
   1.3615600e+05
   1.3628600e+05
   1.3641200e+05
   1.3653900e+05
   1.3667000e+05
   1.3680200e+05
   1.3693100e+05
   1.3706400e+05
   1.3719900e+05
   1.3733900e+05
   1.3747000e+05
   1.3760300e+05
   1.3773600e+05
   1.3787000e+05
   1.3799900e+05
   1.3813100e+05
   1.3826500e+05
   1.3839400e+05
   1.3852600e+05
   1.3865800e+05
   1.3879400e+05
   1.3892400e+05
   1.3905300e+05
   1.3918400e+05
   1.3932000e+05
   1.3946000e+05
   1.3959000e+05
   1.3972200e+05
   1.3985300e+05
   1.3998400e+05
   1.4011400e+05
   1.4024300e+05
   1.4037500e+05
   1.4051200e+05
   1.4065700e+05
   1.4079400e+05
   1.4092900e+05
   1.4106400e+05
   1.4119800e+05
   1.4132500e+05
   1.4145500e+05
   1.4158600e+05
   1.4172200e+05
   1.4185700e+05
   1.4198800e+05
   1.4212200e+05
   1.4226100e+05
   1.4240000e+05
   1.4253100e+05
   1.4266200e+05
   1.4279400e+05
   1.4292800e+05
   1.4305600e+05
   1.4318400e+05
   1.4331300e+05
   1.4344400e+05
   1.4357200e+05
   1.4369700e+05
   1.4382400e+05
   1.4395200e+05
   1.4408500e+05
   1.4421300e+05
   1.4434400e+05
   1.4448200e+05
   1.4462200e+05
   1.4476100e+05
   1.4489200e+05
   1.4502600e+05
   1.4516000e+05
   1.4529900e+05
   1.4543000e+05
   1.4556200e+05
   1.4569300e+05
   1.4582700e+05
   1.4596100e+05
   1.4609000e+05
   1.4622400e+05
   1.4636300e+05
   1.4651300e+05
   1.4665100e+05
   1.4678800e+05
   1.4692300e+05
   1.4705900e+05
   1.4719300e+05
   1.4732000e+05
   1.4745100e+05
   1.4758300e+05
   1.4773000e+05
   1.4787600e+05
   1.4801600e+05
   1.4815700e+05
   1.4829800e+05
   1.4843600e+05
   1.4856600e+05
   1.4869800e+05
   1.4883000e+05
   1.4896400e+05
   1.4909400e+05
   1.4922400e+05
   1.4935800e+05
   1.4949600e+05
   1.4964300e+05
   1.4977800e+05
   1.4991500e+05
   1.5005300e+05
   1.5019200e+05
   1.5032700e+05
   1.5045500e+05
   1.5058500e+05
   1.5071500e+05
   1.5084700e+05
   1.5097700e+05
   1.5110300e+05
   1.5123300e+05
   1.5136500e+05
   1.5150600e+05
   1.5164100e+05
   1.5177400e+05
   1.5191000e+05
   1.5204900e+05
   1.5218400e+05
   1.5231300e+05
   1.5244400e+05
   1.5257600e+05
   1.5270600e+05
   1.5283400e+05
   1.5296100e+05
   1.5309000e+05
   1.5322000e+05
   1.5335400e+05
   1.5348100e+05
   1.5360800e+05
   1.5373800e+05
   1.5386800e+05
   1.5401100e+05
   1.5416400e+05
   1.5432400e+05
   1.5448000e+05
   1.5461700e+05
   1.5474800e+05
   1.5487400e+05
   1.5500100e+05
   1.5512300e+05
   1.5524400e+05
   1.5536600e+05
   1.5549300e+05
   1.5562500e+05
   1.5576000e+05
   1.5589500e+05
   1.5603800e+05
   1.5618700e+05
   1.5633400e+05
   1.5648300e+05
   1.5663400e+05
   1.5678400e+05
   1.5692900e+05
   1.5706300e+05
   1.5719600e+05
   1.5732900e+05
   1.5746600e+05
   1.5760500e+05
   1.5773600e+05
   1.5786700e+05
   1.5800000e+05
   1.5813600e+05
   1.5828100e+05
   1.5841500e+05
   1.5855200e+05
   1.5869300e+05
   1.5883600e+05
   1.5897500e+05
   1.5910400e+05
   1.5923400e+05
   1.5936300e+05
   1.5949200e+05
   1.5962300e+05
   1.5975600e+05
   1.5989800e+05
   1.6003800e+05
   1.6017100e+05
   1.6030600e+05
   1.6044400e+05
   1.6058600e+05
   1.6072000e+05
   1.6085800e+05
   1.6099800e+05
   1.6114000e+05
   1.6128000e+05
   1.6141200e+05
   1.6154500e+05
   1.6167800e+05
   1.6181600e+05
   1.6195200e+05
   1.6208300e+05
   1.6222000e+05
   1.6236400e+05
   1.6251100e+05
   1.6265000e+05
   1.6278500e+05
   1.6292100e+05
   1.6305900e+05
   1.6320100e+05
   1.6333900e+05
   1.6347800e+05
   1.6361800e+05
   1.6376900e+05
   1.6392000e+05
   1.6406000e+05
   1.6420600e+05
   1.6435100e+05
   1.6449800e+05
   1.6464000e+05
   1.6477800e+05
   1.6492200e+05
   1.6506300e+05
   1.6520600e+05
   1.6534100e+05
   1.6547400e+05
   1.6560900e+05
   1.6574900e+05
   1.6589700e+05
   1.6603500e+05
   1.6618300e+05
   1.6633900e+05
   1.6648800e+05
   1.6663200e+05
   1.6677500e+05
   1.6691600e+05
   1.6705000e+05
   1.6718000e+05
   1.6730900e+05
   1.6743700e+05
   1.6756500e+05
   1.6769200e+05
   1.6782200e+05
   1.6795800e+05
   1.6810600e+05
   1.6824500e+05
   1.6839400e+05
   1.6854200e+05
   1.6868800e+05
   1.6882500e+05
   1.6895600e+05
   1.6908800e+05
   1.6921900e+05
   1.6935000e+05
   1.6947700e+05
   1.6960800e+05
   1.6974600e+05
   1.6989700e+05
   1.7004200e+05
   1.7019500e+05
   1.7034900e+05
   1.7049100e+05
   1.7063900e+05
   1.7079300e+05
   1.7094200e+05
   1.7108100e+05
   1.7121800e+05
   1.7135300e+05
   1.7148800e+05
   1.7161600e+05
   1.7174300e+05
   1.7187500e+05
   1.7201800e+05
   1.7216000e+05
   1.7229500e+05
   1.7243300e+05
   1.7257400e+05
   1.7271700e+05
   1.7285100e+05
   1.7298700e+05
   1.7312500e+05
   1.7326700e+05
   1.7340400e+05
   1.7353500e+05
   1.7367000e+05
   1.7380700e+05
   1.7394800e+05
   1.7408200e+05
   1.7421500e+05
   1.7434700e+05
   1.7448100e+05
   1.7461100e+05
   1.7474300e+05
   1.7487800e+05
   1.7501900e+05
   1.7516000e+05
   1.7530500e+05
   1.7545000e+05
   1.7559600e+05
   1.7573100e+05
   1.7586100e+05
   1.7599200e+05
   1.7612300e+05
   1.7625100e+05
   1.7637800e+05
   1.7650800e+05
   1.7664600e+05
   1.7679000e+05
   1.7692600e+05
   1.7706800e+05
   1.7721000e+05
   1.7734700e+05
   1.7747700e+05
   1.7760800e+05
   1.7774000e+05
   1.7787100e+05
   1.7800300e+05
   1.7814100e+05
   1.7828800e+05
   1.7842700e+05
   1.7856700e+05
   1.7871300e+05
   1.7886200e+05
   1.7900300e+05
   1.7913800e+05
   1.7927400e+05
   1.7941100e+05
   1.7955600e+05
   1.7969300e+05
   1.7982800e+05
   1.7996500e+05
   1.8010200e+05
   1.8023300e+05
   1.8036900e+05
   1.8050700e+05
   1.8065000e+05
   1.8078200e+05
   1.8092300e+05
   1.8107600e+05
   1.8123900e+05
   1.8138800e+05
   1.8153100e+05
   1.8167500e+05
   1.8181600e+05
   1.8195500e+05
   1.8208700e+05
   1.8222000e+05
   1.8235300e+05
   1.8248600e+05
   1.8261700e+05
   1.8275400e+05
   1.8289500e+05
   1.8304100e+05
   1.8317700e+05
   1.8331600e+05
   1.8345700e+05
   1.8359800e+05
   1.8373300e+05
   1.8386400e+05
   1.8399700e+05
   1.8413300e+05
   1.8427200e+05
   1.8440400e+05
   1.8453400e+05
   1.8466400e+05
   1.8480200e+05
   1.8494100e+05
   1.8508100e+05
   1.8523000e+05
   1.8538700e+05
   1.8553600e+05
   1.8568000e+05
   1.8582900e+05
   1.8598000e+05
   1.8612600e+05
   1.8626500e+05
   1.8640900e+05
   1.8655800e+05
   1.8670700e+05
   1.8685400e+05
   1.8700400e+05
   1.8715800e+05
   1.8730400e+05
   1.8744600e+05
   1.8759200e+05
   1.8774300e+05
   1.8789500e+05
   1.8803700e+05
   1.8818400e+05
   1.8833400e+05
   1.8848300e+05
   1.8862700e+05
   1.8877700e+05
   1.8893000e+05
   1.8908600e+05
   1.8923000e+05
   1.8937700e+05
   1.8952700e+05
   1.8967100e+05
   1.8980700e+05
   1.8994900e+05
   1.9010300e+05
   1.9026800e+05
   1.9042200e+05
   1.9056400e+05
   1.9070300e+05
   1.9084100e+05
   1.9097800e+05
   1.9111100e+05
   1.9125200e+05
   1.9140700e+05
   1.9156100e+05
   1.9170400e+05
   1.9183400e+05
   1.9196200e+05
   1.9208800e+05
   1.9221500e+05
   1.9234800e+05
   1.9249200e+05
   1.9264800e+05
   1.9280500e+05
   1.9295000e+05
   1.9308900e+05
   1.9322800e+05
   1.9336600e+05
   1.9350400e+05
   1.9363800e+05
   1.9377100e+05
   1.9390500e+05
   1.9404400e+05
   1.9418400e+05
   1.9431500e+05
   1.9444800e+05
   1.9458300e+05
   1.9472200e+05
   1.9486200e+05
   1.9499700e+05
   1.9513600e+05
   1.9527500e+05
   1.9541600e+05
   1.9554900e+05
   1.9568600e+05
   1.9582500e+05
   1.9596100e+05
   1.9609800e+05
   1.9623400e+05
   1.9637200e+05
   1.9650700e+05
   1.9664100e+05
   1.9677600e+05
   1.9691200e+05
   1.9705300e+05
   1.9718900e+05
   1.9732900e+05
   1.9747000e+05
   1.9761000e+05
   1.9774000e+05
   1.9787300e+05
   1.9800700e+05
   1.9814500e+05
   1.9828300e+05
   1.9841400e+05
   1.9855000e+05
   1.9868900e+05
   1.9883400e+05
   1.9897400e+05
   1.9910800e+05
   1.9924000e+05
   1.9937000e+05
   1.9950200e+05
   1.9962800e+05
   1.9975600e+05
   1.9988600e+05
   2.0002100e+05
   2.0015900e+05
   2.0029300e+05
   2.0042900e+05
   2.0057100e+05
   2.0071700e+05
   2.0085300e+05
   2.0099000e+05
   2.0112500e+05
   2.0125900e+05
   2.0139300e+05
   2.0152100e+05
   2.0164800e+05
   2.0177700e+05
   2.0191000e+05
   2.0204400e+05
   2.0219000e+05
   2.0234600e+05
   2.0250400e+05
   2.0264800e+05
   2.0279700e+05
   2.0294400e+05
   2.0308300e+05
   2.0321600e+05
   2.0334900e+05
   2.0348200e+05
   2.0361500e+05
   2.0374300e+05
   2.0387300e+05
   2.0400600e+05
   2.0414800e+05
   2.0428500e+05
   2.0442000e+05
   2.0455700e+05
   2.0469900e+05
   2.0484100e+05
   2.0497400e+05
   2.0510900e+05
   2.0524100e+05
   2.0537000e+05
   2.0549700e+05
   2.0562700e+05
   2.0576000e+05
   2.0590000e+05
   2.0603400e+05
   2.0616800e+05
   2.0630300e+05
   2.0643800e+05
   2.0657300e+05
   2.0670300e+05
   2.0683400e+05
   2.0696600e+05
   2.0709900e+05
   2.0722900e+05
   2.0735600e+05
   2.0748300e+05
   2.0761100e+05
   2.0774100e+05
   2.0786600e+05
   2.0799000e+05
   2.0811700e+05
   2.0824700e+05
   2.0838200e+05
   2.0851400e+05
   2.0864700e+05
   2.0878300e+05
   2.0891800e+05
   2.0904700e+05
   2.0917800e+05
   2.0931100e+05
   2.0944700e+05
   2.0957800e+05
   2.0970700e+05
   2.0983700e+05
   2.0996800e+05
   2.1010300e+05
   2.1023300e+05
   2.1036200e+05
   2.1049400e+05
   2.1062800e+05
   2.1076700e+05
   2.1090200e+05
   2.1104500e+05
   2.1119200e+05
   2.1134100e+05
   2.1148100e+05
   2.1161200e+05
   2.1174100e+05
   2.1186800e+05
   2.1199900e+05
   2.1213500e+05
   2.1226600e+05
   2.1240000e+05
   2.1253900e+05
   2.1268700e+05
   2.1282400e+05
   2.1295800e+05
   2.1309500e+05
   2.1323500e+05
   2.1337400e+05
   2.1350700e+05
   2.1364300e+05
   2.1378000e+05
   2.1392400e+05
   2.1406600e+05
   2.1420100e+05
   2.1434100e+05
   2.1448400e+05
   2.1462700e+05
   2.1476100e+05
   2.1489500e+05
   2.1503300e+05
   2.1517700e+05
   2.1531400e+05
   2.1545100e+05
   2.1558600e+05
   2.1571700e+05
   2.1584400e+05
   2.1597700e+05
   2.1611800e+05
   2.1626500e+05
   2.1639900e+05
   2.1653300e+05
   2.1666500e+05
   2.1679500e+05
   2.1692200e+05
   2.1705300e+05
   2.1719200e+05
   2.1734700e+05
   2.1749700e+05
   2.1763900e+05
   2.1778300e+05
   2.1792700e+05
   2.1806600e+05
   2.1819900e+05
   2.1833200e+05
   2.1846600e+05
   2.1860100e+05
   2.1873200e+05
   2.1886200e+05
   2.1899300e+05
   2.1912500e+05
   2.1925900e+05
   2.1939000e+05
   2.1952900e+05
   2.1967800e+05
   2.1983300e+05
   2.1997500e+05
   2.2011200e+05
   2.2024600e+05
   2.2037700e+05
   2.2050600e+05
   2.2063700e+05
   2.2077300e+05
   2.2090700e+05
   2.2104400e+05
   2.2118700e+05
   2.2134100e+05
   2.2149000e+05
   2.2163500e+05
   2.2178600e+05
   2.2193700e+05
   2.2208600e+05
   2.2222500e+05
   2.2236200e+05
   2.2249600e+05
   2.2262900e+05
   2.2276200e+05
   2.2289700e+05
   2.2304400e+05
   2.2320500e+05
   2.2335700e+05
   2.2350400e+05
   2.2365100e+05
   2.2380000e+05
   2.2393900e+05
   2.2407700e+05
   2.2421800e+05
   2.2435900e+05
   2.2449400e+05
   2.2462900e+05
   2.2476600e+05
   2.2490300e+05
   2.2503400e+05
   2.2517000e+05
   2.2531100e+05
   2.2545700e+05
   2.2560000e+05
   2.2574700e+05
   2.2589800e+05
   2.2604700e+05
   2.2618500e+05
   2.2632200e+05
   2.2645800e+05
   2.2660200e+05
   2.2673900e+05
   2.2687000e+05
   2.2700400e+05
   2.2714200e+05
   2.2728900e+05
   2.2743000e+05
   2.2757500e+05
   2.2772700e+05
   2.2787500e+05
   2.2801100e+05
   2.2814400e+05
   2.2827900e+05
   2.2841100e+05
   2.2854100e+05
   2.2867600e+05
   2.2881700e+05
   2.2896000e+05
   2.2909600e+05
   2.2923400e+05
   2.2937800e+05
   2.2952200e+05
   2.2966000e+05
   2.2980100e+05
   2.2994200e+05
   2.3008500e+05
   2.3022000e+05
   2.3035300e+05
   2.3048700e+05
   2.3062100e+05
   2.3075400e+05
   2.3088600e+05
   2.3102200e+05
   2.3116800e+05
   2.3130800e+05
   2.3144300e+05
   2.3157800e+05
   2.3171300e+05
   2.3184500e+05
   2.3197400e+05
   2.3210800e+05
   2.3224400e+05
   2.3238500e+05
   2.3252200e+05
   2.3267100e+05
   2.3281800e+05
   2.3296000e+05
   2.3309200e+05
   2.3322400e+05
   2.3335900e+05
   2.3349700e+05
   2.3362900e+05
   2.3375900e+05
   2.3389500e+05
   2.3404000e+05
   2.3417800e+05
   2.3431800e+05
   2.3445600e+05
   2.3459100e+05
   2.3472000e+05
   2.3485000e+05
   2.3498200e+05
   2.3511500e+05
   2.3524700e+05
   2.3537500e+05
   2.3550400e+05
   2.3563600e+05
   2.3577100e+05
   2.3590400e+05
   2.3603200e+05
   2.3616300e+05
   2.3629800e+05
   2.3643100e+05
   2.3656000e+05
   2.3669000e+05
   2.3682600e+05
   2.3696400e+05
   2.3709600e+05
   2.3722600e+05
   2.3735600e+05
   2.3748900e+05
   2.3762500e+05
   2.3775600e+05
   2.3789200e+05
   2.3803000e+05
   2.3817600e+05
   2.3831800e+05
   2.3845200e+05
   2.3858700e+05
   2.3872200e+05
   2.3885700e+05
   2.3898600e+05
