0.611
0.603
0.619
0.65
0.698
0.664
0.707
0.74
0.738
0.678
0.693
0.703
0.703
0.663
0.648
0.643
0.646
0.641
0.615
0.62
0.627
0.688
0.735
0.696
0.672
0.677
0.711
0.725
0.662
0.674
0.668
0.696
0.682
0.654
0.67
0.667
0.655
0.671
0.687
0.707
0.721
0.747
0.741
0.671
0.679
0.682
0.692
0.65
0.65
0.652
0.647
0.649
0.632
0.639
0.653
0.694
0.716
0.656
0.656
0.661
0.685
0.704
0.641
0.647
0.636
0.651
0.631
0.635
0.636
0.655
0.684
0.651
0.651
0.653
0.668
0.643
0.648
0.647
0.653
0.66
0.66
0.648
0.613
0.61
0.605
0.615
0.661
0.673
0.75
0.819
0.798
0.778
0.741
0.718
0.673
0.661
0.664
0.69
0.668
0.637
0.643
0.66
0.681
0.669
0.683
0.698
0.639
0.638
0.633
0.647
0.679
0.671
0.658
0.66
0.677
0.675
0.658
0.683
0.723
0.735
0.685
0.69
0.698
0.728
0.712
0.662
0.682
0.674
0.699
0.717
0.739
0.778
0.784
0.789
0.709
0.691
0.692
0.711
0.664
0.651
0.649
0.656
0.667
0.662
0.707
0.768
0.829
0.746
0.72
0.704
0.694
0.646
0.65
0.636
0.562
0.7
0.67
0.622
0.619
0.616
0.608
0.618
0.647
0.675
0.691
0.669
0.672
0.675
0.654
0.625
0.629
0.639
0.679
0.71
0.665
0.679
0.679
0.688
0.674
0.658
0.664
0.657
0.66
0.643
0.632
0.649
0.678
0.728
0.71
0.749
0.804
0.76
0.727
0.712
0.705
0.667
0.673
0.694
0.748
0.76
0.697
0.738
0.751
0.729
0.704
0.708
0.716
0.667
0.664
0.693
0.748
0.763
0.704
0.716
0.725
0.729
0.676
0.686
0.675
0.69
0.675
0.669
0.695
0.732
0.7
0.654
0.66
0.651
0.662
0.635
0.635
0.649
0.688
0.725
0.672
0.684
0.68
0.69
0.647
0.642
0.65
0.676
0.704
0.649
0.671
0.677
0.7
0.651
0.659
0.658
0.664
0.634
0.644
0.672
0.727
0.717
0.681
0.705
0.732
0.691
0.654
0.659
0.67
0.668
0.64
0.661
0.677
0.703
0.666
0.677
0.678
0.685
0.663
0.642
0.65
0.656
0.662
0.634
0.64
0.639
0.654
0.65
0.635
0.649
0.667
0.682
0.661
0.649
0.657
0.672
0.681
0.654
0.661
0.664
0.682
0.674
0.65
0.669
0.681
0.695
0.673
0.646
0.655
0.667
0.682
0.658
0.67
0.672
0.677
0.668
0.652
0.662
0.701
0.718
0.668
0.687
0.705
0.72
0.667
0.657
0.661
0.677
0.679
0.644
0.664
0.689
0.746
0.69
0.729
0.734
0.727
0.663
0.65
0.645
0.657
0.674
0.644
0.667
0.669
0.686
0.676
0.653
0.672
0.699
0.738
0.677
0.653
0.657
0.651
0.66
0.634
0.631
0.64
0.656
0.683
0.669
0.691
0.7
0.731
0.691
0.65
0.645
0.644
0.661
0.653
0.632
0.646
0.661
0.681
0.657
0.634
0.635
0.647
0.675
0.662
0.651
0.658
0.695
0.691
0.654
0.641
0.641
0.656
0.692
0.668
0.682
0.704
0.7
0.661
0.647
0.653
0.676
0.664
0.64
0.649
0.648
0.672
0.663
0.649
0.659
0.682
0.706
0.664
0.674
0.659
0.661
0.642
0.648
0.657
0.674
0.654
0.695
0.734
0.689
0.674
0.683
0.696
0.648
0.641
0.646
0.666
0.678
0.653
0.663
0.682
0.737
0.699
0.676
0.685
0.7
0.676
0.65
0.65
0.671
0.673
0.659
0.671
0.685
0.679
0.676
0.683
0.65
0.64
0.645
0.65
0.636
0.624
0.642
0.659
0.683
0.645
0.648
0.648
0.646
0.624
0.612
0.622
0.639
0.642
0.634
0.655
0.689
0.697
0.653
0.628
0.63
0.638
0.63
0.634
0.654
0.7
0.689
0.693
0.707
0.748
0.722
0.676
0.676
0.675
0.693
0.643
0.639
0.639
0.652
0.658
0.668
0.722
0.771
0.739
0.73
0.767
0.797
0.764
0.704
0.713
0.724
0.742
0.692
0.708
0.737
0.762
0.721
0.706
0.714
0.713
0.686
0.648
0.653
0.67
0.721
0.697
0.694
0.73
0.765
0.749
0.681
0.673
0.668
0.679
0.649
0.666
0.703
0.773
0.78
0.739
0.769
0.775
0.726
0.681
0.683
0.688
0.683
0.652
0.658
0.653
0.673
0.659
0.643
0.662
0.696
0.684
0.669
0.68
0.7
0.689
0.658
0.661
0.672
0.672
0.642
0.645
0.641
0.641
0.629
0.618
0.632
0.653
0.683
0.657
0.658
0.68
0.695
0.686
0.647
0.649
0.661
0.678
0.641
0.654
0.662
0.683
0.665
0.654
0.66
0.695
0.678
0.667
0.679
0.707
0.694
0.659
0.657
0.654
0.657
0.628
0.63
0.642
0.694
0.711
0.682
0.728
0.753
0.703
0.685
0.69
0.714
0.694
0.649
0.654
0.645
0.661
0.652
0.651
0.677
0.719
0.722
0.674
0.686
0.684
0.689
0.649
0.641
0.645
0.663
0.701
0.67
0.689
0.692
0.703
0.656
0.665
0.659
0.664
0.652
0.635
0.646
0.673
0.715
0.685
0.701
0.717
0.742
0.671
0.65
0.647
0.65
0.648
0.626
0.632
0.652
0.695
0.674
0.662
0.679
0.701
0.677
0.651
0.658
0.657
0.662
0.627
0.635
0.651
0.701
0.724
0.68
0.711
0.732
0.712
0.663
0.664
0.666
0.672
0.64
0.653
0.671
0.717
0.685
0.705
0.726
0.741
0.677
0.672
0.677
0.689
0.669
0.651
0.65
0.666
0.668
0.648
0.664
0.685
0.742
0.7
0.708
0.716
0.725
0.686
0.654
0.65
0.654
0.652
0.642
0.658
0.694
0.736
0.714
0.725
0.73
0.724
0.674
0.687
0.697
0.694
0.648
0.643
0.639
0.658
0.677
0.657
0.678
0.703
0.75
0.682
0.688
0.688
0.708
0.679
0.653
0.651
0.653
0.67
0.648
0.67
0.698
0.749
0.708
0.704
0.713
0.72
0.696
0.673
0.683
0.696
0.672
0.639
0.644
0.651
0.673
0.671
0.652
0.662
0.672
0.691
0.659
0.648
0.658
0.666
0.657
0.637
0.651
0.662
0.691
0.684
0.673
0.706
0.765
0.771
0.697
0.697
0.671
0.662
0.636
0.648
0.659
0.707
0.679
0.686
0.711
0.761
0.74
0.725
0.736
0.731
0.69
0.648
0.653
0.651
0.677
0.65
0.668
0.69
0.749
0.715
0.706
0.711
0.705
0.67
0.65
0.656
0.674
0.684
0.661
0.677
0.685
0.706
0.67
0.697
0.714
0.747
0.691
0.689
0.681
0.696
0.7
0.663
0.686
0.72
0.714
0.669
0.666
0.659
0.659
0.649
0.626
0.64
0.65
0.698
0.718
0.661
0.677
0.678
0.699
0.654
0.672
0.683
0.727
0.675
0.654
0.656
0.644
0.654
0.637
0.645
0.666
0.702
0.705
0.666
0.689
0.682
0.684
0.651
0.636
0.636
0.643
0.662
0.629
0.644
0.645
0.665
0.654
0.636
0.643
0.662
0.69
0.662
0.684
0.704
0.744
0.678
0.685
0.704
0.694
0.671
0.631
0.633
0.643
0.671
0.655
0.636
0.656
0.682
0.722
0.674
0.678
0.691
0.715
0.709
0.667
0.674
0.671
0.675
0.655
0.632
0.65
0.666
0.72
0.679
0.663
0.67
0.659
0.64
0.629
0.652
0.671
0.725
0.686
0.712
0.737
0.771
0.729
0.697
0.701
0.717
0.724
0.672
0.668
0.677
0.698
0.738
0.691
0.694
0.699
0.7
0.659
0.645
0.634
0.641
0.625
0.625
0.643
0.685
0.689
0.712
0.756
0.775
0.695
0.684
0.674
0.674
0.645
0.633
0.638
0.651
0.659
0.65
0.661
0.676
0.7
0.655
0.666
0.663
0.673
0.646
0.661
0.669
0.644
0.657
0.662
0.682
0.646
0.646
0.658
0.681
0.696
0.649
0.663
0.655
0.657
0.646
0.646
0.662
0.684
0.724
0.682
0.679
0.673
0.668
0.637
0.65
0.658
0.681
0.67
0.655
0.673
0.692
0.698
0.655
0.656
0.658
0.669
0.642
0.639
0.646
0.655
0.64
0.623
0.635
0.643
0.661
0.641
0.659
0.685
0.702
0.693
0.658
0.669
0.672
0.691
0.657
0.658
0.656
0.673
0.664
0.647
0.67
0.699
0.747
0.692
0.682
0.679
0.679
0.666
0.636
0.656
0.664
0.733
0.726
0.704
0.702
0.71
0.685
0.654
0.658
0.661
0.669
0.649
0.651
0.669
0.692
0.733
0.675
0.688
0.688
0.696
0.672
0.641
0.653
0.647
0.66
0.65
0.631
0.649
0.659
0.706
0.675
0.665
0.683
0.693
0.673
0.645
0.656
0.66
0.648
0.642
0.639
0.645
0.648
0.668
0.633
0.639
0.649
0.652
0.712
0.768
0.799
0.777
0.686
0.655
0.634
0.631
0.608
0.605
0.615
0.631
0.661
0.676
0.672
0.719
0.743
0.737
0.743
0.757
0.751
0.722
0.668
0.667
0.666
0.686
0.696
0.653
0.655
0.664
0.683
0.723
0.668
0.688
0.702
0.718
0.692
0.645
0.652
0.646
0.643
0.654
0.667
0.708
0.703
0.661
0.681
0.688
0.708
0.669
0.694
0.699
0.71
0.698
0.66
0.667
0.666
0.69
0.675
0.66
0.684
0.721
0.734
0.695
0.675
0.681
0.688
0.71
0.687
0.697
0.703
0.753
0.752
0.703
0.729
0.729
0.733
0.705
0.691
0.721
0.707
0.715
0.673
0.669
0.674
0.7
0.737
0.692
0.742
0.776
0.744
0.722
0.719
0.703
0.67
0.65
0.643
0.643
0.638
0.633
0.652
0.682
0.738
0.694
0.744
0.74
0.73
0.685
0.657
0.66
0.656
0.652
0.639
0.652
0.69
0.758
0.722
0.767
0.771
0.707
0.74
0.769
0.748
0.694
0.687
0.673
0.674
0.638
0.641
0.658
0.713
0.71
0.676
0.692
0.706
0.712
0.668
0.68
0.691
0.711
0.683
0.658
0.675
0.684
0.704
0.668
0.668
0.659
0.672
0.648
0.663
0.672
0.706
0.705
0.728
0.721
0.729
0.677
0.648
0.655
0.656
0.642
0.631
0.653
0.693
0.717
0.681
0.708
0.709
0.684
0.651
0.659
0.66
0.651
0.663
0.689
0.737
0.69
0.705
0.728
0.745
0.706
0.676
0.677
0.685
0.724
0.687
0.675
0.685
0.683
0.656
0.683
0.688
0.713
0.664
0.706
0.762
0.813
0.746
0.718
0.72
0.703
0.692
0.663
0.665
0.666
0.665
0.654
0.686
0.707
0.724
0.681
0.699
0.702
0.708
0.672
0.657
0.664
0.679
0.697
0.658
0.651
0.653
0.686
0.697
0.701
0.744
0.783
0.747
0.721
0.743
0.755
0.729
0.696
0.721
0.746
0.741
0.736
0.75
0.771
0.73
0.713
0.729
0.753
0.757
0.711
0.74
0.746
0.747
0.716
0.754
0.766
0.778
0.719
0.735
0.751
0.719
0.681
0.709
0.77
0.824
0.772
0.709
0.696
0.689
0.685
0.668
0.704
0.772
0.772
0.711
0.655
0.637
0.63
0.638
0.666
0.72
0.777
0.784
0.727
0.695
0.694
0.69
0.694
0.664
0.666
0.672
0.698
0.697
0.653
0.668
0.672
0.696
0.699
0.676
0.695
0.699
0.701
0.666
0.688
0.692
0.681
0.683
0.682
0.688
0.675
0.671
0.675
0.683
0.702
0.677
0.704
0.704
0.698
0.651
0.669
0.669
0.69
0.686
0.657
0.678
0.696
0.727
0.696
0.672
0.66
0.653
0.657
0.633
0.641
0.649
0.673
0.691
0.667
0.683
0.708
0.731
0.68
0.684
0.674
0.674
0.669
0.636
0.639
0.645
0.663
0.672
0.728
0.779
0.791
0.722
0.742
0.737
0.697
0.665
0.663
0.667
0.664
0.641
0.649
0.665
0.71
0.683
0.676
0.684
0.713
0.707
0.667
0.673
0.663
0.643
0.636
0.649
0.668
0.696
0.671
0.673
0.671
0.675
0.678
0.646
0.657
0.658
0.667
0.651
0.636
0.634
0.64
0.648
0.625
0.622
0.636
0.646
0.675
0.659
0.669
0.68
0.675
0.642
0.659
0.666
0.678
0.655
0.644
0.65
0.656
0.674
0.648
0.647
0.66
0.669
0.694
0.677
0.716
0.737
0.742
0.7
0.653
0.646
0.636
0.657
0.678
0.653
0.675
0.69
0.743
0.684
0.672
0.685
0.699
0.695
0.662
0.681
0.686
0.72
0.708
0.679
0.701
0.711
0.714
0.669
0.674
0.691
0.717
0.685
0.688
0.673
0.651
0.639
0.666
0.705
0.734
0.67
0.671
0.658
0.65
0.633
0.659
0.695
0.776
0.746
0.71
0.72
0.721
0.694
0.664
0.668
0.67
0.674
0.658
0.646
0.658
0.661
0.665
0.656
0.698
0.743
0.775
0.708
0.687
0.671
0.653
0.646
0.655
0.68
0.672
0.682
0.717
0.771
0.744
0.725
0.755
0.754
0.745
0.696
0.688
0.669
0.664
0.661
0.678
0.736
0.802
0.759
0.736
0.736
0.748
0.694
0.689
0.703
0.707
0.676
0.674
0.684
0.683
0.657
0.68
0.706
0.729
0.716
0.733
0.756
0.745
0.691
0.686
0.682
0.715
0.684
0.658
0.67
0.687
0.739
0.703
0.726
0.761
0.738
0.68
0.667
0.673
0.658
0.652
0.676
0.704
0.715
0.68
0.693
0.716
0.721
0.69
0.706
0.708
0.713
0.672
0.665
0.67
0.671
0.666
0.658
0.686
0.727
0.698
0.676
0.674
0.674
0.663
0.644
0.669
0.682
0.704
0.685
0.744
0.735
0.71
0.659
0.662
0.674
0.693
0.658
0.651
0.68
0.724
0.688
0.704
0.69
0.674
0.641
0.652
0.66
0.665
0.66
0.639
0.646
0.662
0.674
0.662
0.645
0.655
0.672
0.663
0.645
0.656
0.678
0.689
0.661
0.647
0.655
0.663
0.678
0.657
0.677
0.691
0.733
0.706
0.671
0.675
0.678
0.673
0.645
